[IFS Parameter File]
NAME=C:\ELFR3\FRACPARM\alumpaper.IFS
TRANSFORMS=8
a[0]=-0.3083300
b[0]=-0.4903800
cc[0]=0.3603900
d[0]=0.8874200
e[0]=-0.0844300
f[0]=-0.1958700
p[0]=0.0000000
a[1]=-0.5807000
b[1]=0.1528300
cc[1]=0.7371600
d[1]=0.5284300
e[1]=0.0000000
f[1]=0.6914800
p[1]=0.6959200
a[2]=-0.9155000
b[2]=-0.1652500
cc[2]=0.0447300
d[2]=-0.8414000
e[2]=-0.0085000
f[2]=0.0000000
p[2]=0.7211200
a[3]=0.0000000
b[3]=0.3485500
cc[3]=-0.6646900
d[3]=-0.4965000
e[3]=0.1444400
f[3]=-0.2419900
p[3]=0.4431200
a[4]=0.1976500
b[4]=0.0000000
cc[4]=0.3488800
d[4]=0.0000000
e[4]=-0.8479700
f[4]=-0.3271900
p[4]=-0.2128500
a[5]=-0.1423571
b[5]=-0.5896122
cc[5]=-0.0833315
d[5]=0.0000000
e[5]=-0.7850529
f[5]=-0.5739571
p[5]=0.9461297
a[6]=0.7626497
b[6]=0.0256239
cc[6]=-0.1342854
d[6]=-0.3855547
e[6]=0.1359231
f[6]=0.9889519
p[6]=-0.9827728
a[7]=0.8641824
b[7]=-0.5253236
cc[7]=-0.4306944
d[7]=-0.4720641
e[7]=0.0000000
f[7]=-0.6636671
p[7]=-0.7937283
