[Fractal Parameter File]
FRACTAL NAME=BARNSLEY'S FRACTAL #3
Index=0
KSTART=10
KEND=60
KSTEP=5
RADIUS=2.24
REAL CENTER=-0.319174
IMAGINARY CENTER=0
STEPX=0.00895999999999999
STEPY=0.00895999999999999
XMax=1.920826
XMin=-2.559174
YMax=-2.24
YMin=2.24
Iterations=64
Xr=0
Xim=0
Yr=0
Yim=0
Drawing Type=2
Coloring Mode=0
BioMorph Color=16711680
BioMorph Color 2=65535
Palette Name=C:\ELFR3\PALETTE\8rain.pal
