[IFS Parameter File]
NAME=C:\ELFR3\Bigbang.ifs
TRANSFORMS=4
a[0]=0.0000000
b[0]=0.0000000
cc[0]=0.0000000
d[0]=0.7454538
e[0]=0.0000000
f[0]=0.0000000
p[0]=0.0030500
a[1]=0.8384663
b[1]=-0.4530580
cc[1]=0.5213089
d[1]=0.9696044
e[1]=0.0000000
f[1]=0.5050361
p[1]=0.8115044
a[2]=-0.2714579
b[2]=0.9821137
cc[2]=0.6999208
d[2]=0.7192534
e[2]=0.0000000
f[2]=0.8318345
p[2]=-0.1783031
a[3]=0.3673363
b[3]=0.4936569
cc[3]=-0.2834408
d[3]=0.8905431
e[3]=0.0000000
f[3]=0.3080522
p[3]=0.3121124
