[IFS Parameter File]
NAME=C:\ELFR3\Binary.ifs
TRANSFORMS=3
a[0]=0.5000000
b[0]=0.0000000
cc[0]=0.0000000
d[0]=0.5000000
e[0]=-2.5634800
f[0]=-0.0000300
p[0]=0.3333300
a[1]=0.5000000
b[1]=0.0000000
cc[1]=0.0000000
d[1]=0.5000000
e[1]=2.4365400
f[1]=-0.0000300
p[1]=0.3333300
a[2]=0.0000000
b[2]=-0.5000000
cc[2]=0.5000000
d[2]=0.0000000
e[2]=4.8730900
f[2]=7.5634900
p[2]=0.3333300
