[IFS Parameter File]
NAME=C:\ELFR3\Elias1.ifs
TRANSFORMS=4
a[0]=0.0000000
b[0]=0.0000000
cc[0]=0.0000000
d[0]=0.4839700
e[0]=0.0000000
f[0]=0.0000000
p[0]=0.4704500
a[1]=0.5093000
b[1]=-0.1069800
cc[1]=0.0978000
d[1]=0.4069900
e[1]=0.0000000
f[1]=0.5834200
p[1]=0.3847200
a[2]=-0.7192800
b[2]=0.5072600
cc[2]=0.9635300
d[2]=0.5441800
e[2]=0.0000000
f[2]=0.7481900
p[2]=0.7706600
a[3]=0.0747700
b[3]=0.2540200
cc[3]=-0.2538500
d[3]=0.7755500
e[3]=0.0000000
f[3]=0.8011500
p[3]=0.9023400
