[Fractal Parameter File]
FRACTAL NAME=EXPONENT SET
Index=2
KSTART=10
KEND=60
KSTEP=5
RADIUS=0.1728
REAL CENTER=0.502586
IMAGINARY CENTER=-3.1584
STEPX=0.0006912
STEPY=0.0006912
XMax=0.675386
XMin=0.329786
YMax=-3.3312
YMin=-2.9856
Iterations=300
Drawing Type=2
Coloring Mode=2
BioMorph Color=2363359
BioMorph Color 2=65535
Palette Name=C:\ELFR3\PALETTE\8rain2.pal
Xr=0
Xim=0
Yr=0
Yim=0
