[IFS Parameter File]
NAME=C:\Elfr4\FRACPARM\Fern.ifs
TRANSFORMS=5
a[0]=0.0000000
b[0]=0.0000000
cc[0]=0.0000000
d[0]=0.1600000
e[0]=0.0000000
f[0]=0.0000000
p[0]=0.0100000
a[1]=0.2000000
b[1]=-0.2600000
cc[1]=0.2300000
d[1]=0.2200000
e[1]=0.0000000
f[1]=0.2000000
p[1]=0.0700000
a[2]=-0.1500000
b[2]=0.2800000
cc[2]=0.2600000
d[2]=0.2400000
e[2]=0.0000000
f[2]=0.2000000
p[2]=0.0700000
a[3]=0.8500000
b[3]=0.0400000
cc[3]=-0.0400000
d[3]=0.8500000
e[3]=0.0000000
f[3]=0.2000000
p[3]=0.8500000
a[4]=0.0000000
b[4]=0.0000000
cc[4]=0.0000000
d[4]=0.0000000
e[4]=0.0000000
f[4]=0.0000000
p[4]=0.0000000
Palette Name=C:\Elfr4\PALETTE\Blend4.map
