[IFS Parameter File]
NAME=C:\ELFR3\FRACPARM\Fern2.ifs
TRANSFORMS=4
a[0]=0.8590000
b[0]=0.0370000
cc[0]=-0.0370000
d[0]=0.8490000
e[0]=0.0750000
f[0]=0.1800000
p[0]=0.3330000
a[1]=0.1150000
b[1]=-0.2260000
cc[1]=0.2260000
d[1]=0.1970000
e[1]=0.4000000
f[1]=0.0390000
p[1]=0.3330000
a[2]=-0.1600000
b[2]=0.2830000
cc[2]=0.2600000
d[2]=0.2370000
e[2]=0.5750000
f[2]=-0.0840000
p[2]=0.3330000
a[3]=0.0000000
b[3]=0.0000000
cc[3]=0.0000000
d[3]=0.1600000
e[3]=0.5000000
f[3]=0.0000000
p[3]=0.0000000
