[IFS Parameter File]
NAME=C:\ELFR3\FRACPARM\Fractal.IFS
TRANSFORMS=5
a[0]=-0.3393000
b[0]=0.9682800
cc[0]=0.2710400
d[0]=0.2183000
e[0]=0.3375900
f[0]=0.9340100
p[0]=0.5961900
a[1]=0.8126200
b[1]=0.8711000
cc[1]=0.5508500
d[1]=-0.2551100
e[1]=0.9289000
f[1]=-0.9803200
p[1]=-0.1137400
a[2]=-0.1184100
b[2]=-0.8727400
cc[2]=-0.5321900
d[2]=-0.9320900
e[2]=-0.9929100
f[2]=0.8090900
p[2]=0.0707000
a[3]=-0.0646300
b[3]=0.8161600
cc[3]=-0.3532700
d[3]=0.8047000
e[3]=0.9165300
f[3]=-0.7376400
p[3]=0.9075200
a[4]=-0.3151800
b[4]=-0.0355300
cc[4]=-0.0369100
d[4]=0.0518400
e[4]=-0.4646500
f[4]=-0.0707300
p[4]=-0.9230500
