[Fractal Parameter File]
FRACTAL NAME=JULIA SET
KSTART=10
KEND=60
KSTEP=5
RADIUS=1.44
REAL CENTER=0.048826
IMAGINARY CENTER=0.016
STEPX=0.00576
STEPY=0.00576
XMax=1.488826
XMin=-1.391174
YMax=-1.424
YMin=1.456
Iterations=150
Index=6
Drawing Type=2
Coloring Mode=0
BioMorph Color=16711680
BioMorph Color 2=65535
Palette Name=C:\ELFR3\PALETTE\8rain.pal
Xr=0
Xim=0
Yr=0.383725
Yim=0.147851
