[Fractal Parameter File]
FRACTAL NAME=JULIA SET
Index=6
KSTART=5
KEND=55
KSTEP=5
RADIUS=0.097152
REAL CENTER=0.2495172
IMAGINARY CENTER=0.460544
STEPX=0.000388608
STEPY=0.000388608
XMax=0.3466692
XMin=0.1523652
YMax=0.363392
YMin=0.557696
Iterations=600
Xr=0
Xim=0
Yr=0.3963
Yim=0.234579
Drawing Type=2
Coloring Mode=0
BioMorph Color=16711680
BioMorph Color 2=65535
Palette Name=C:\ELFR3\PALETTE\Test1.pal
