[IFS Parameter File]
NAME=C:\ELFR3\Leaf.ifs
TRANSFORMS=5
a[0]=0.3517300
b[0]=0.3553700
cc[0]=-0.3553700
d[0]=0.3517300
e[0]=0.3545000
f[0]=0.5000000
p[0]=0.1773000
a[1]=0.3533800
b[1]=-0.3537000
cc[1]=0.3537300
d[1]=0.3533800
e[1]=0.2879000
f[1]=0.1528000
p[1]=0.3800000
a[2]=0.5000000
b[2]=0.0000000
cc[2]=0.0000000
d[2]=0.5000000
e[2]=0.2500000
f[2]=0.4620000
p[2]=0.1773000
a[3]=0.5015400
b[3]=-0.0018000
cc[3]=0.0015700
d[3]=0.5879500
e[3]=0.2501000
f[3]=0.1054000
p[3]=0.2091000
a[4]=0.0036400
b[4]=0.0000000
cc[4]=0.0000000
d[4]=0.5783200
e[4]=0.5016000
f[4]=0.0606000
p[4]=0.0562000
