[Fractal Parameter File]
FRACTAL NAME=LEGENDRE FRACTAL
Index=9
KSTART=5
KEND=55
KSTEP=5
RADIUS=0.00921599999999994
REAL CENTER=0.1772356
IMAGINARY CENTER=0
STEPX=3.68639999999998E-5
STEPY=3.68639999999998E-5
XMax=0.1864516
XMin=0.1680196
YMax=-0.00921599999999994
YMin=0.00921599999999994
Iterations=600
Xr=0
Xim=0
Yr=0
Yim=0
Drawing Type=2
Coloring Mode=0
BioMorph Color=16711680
BioMorph Color 2=65535
Palette Name=C:\ELFR3\Palette\Egasoft.pal
