[Fractal Parameter File]
FRACTAL NAME=LEGENDRE FRACTAL
Index=9
KSTART=10
KEND=60
KSTEP=5
RADIUS=0.959999999999997
REAL CENTER=0.576826000000001
IMAGINARY CENTER=0
STEPX=0.00383999999999999
STEPY=0.00383999999999999
XMax=1.536826
XMin=-0.383173999999996
YMax=-0.959999999999997
YMin=0.959999999999997
Iterations=64
Xr=0
Xim=0
Yr=0
Yim=0
Drawing Type=2
Coloring Mode=0
BioMorph Color=16711680
BioMorph Color 2=65535
Palette Name=C:\ELFR3\PALETTE\8rain.pal
