[Fractal Parameter File]
KSTART=60
KEND=180
KSTEP=10
RADIUS=0.000899154719999995
REAL CENTER=0.339430741104
IMAGINARY CENTER=0.0508422041120001
STEPX=3.59661887999998E-6
STEPY=3.59661887999998E-6
FRACTAL NAME=MANDELBROT
XMax=0.340329895824
XMin=0.338531586384
YMax=0.0499430493920001
YMin=0.0517413588320001
Index=12
Iterations=1500
Drawing Type=0
Coloring Mode=0
BioMorph Color=16711680
BioMorph Color 2=65535
Xr=0
Xim=0
Yr=0
Yim=0
Palette Name=C:\ELFR3\PALETTE\Neon.pal
