[Fractal Parameter File]
KSTART=10
KEND=30
KSTEP=5
RADIUS=0.184487204919659
REAL CENTER=-0.107209768784853
IMAGINARY CENTER=0.906896969207798
STEPX=0.000737948819678636
STEPY=0.000737948819678636
FRACTAL NAME=ORBITS
XMax=0.077277436134806
XMin=-0.291696973704512
YMax=0.722409764288139
YMin=1.09138417412746
Index=7
Iterations=150
Drawing Type=0
Coloring Mode=0
BioMorph Color=16711680
BioMorph Color 2=65535
Palette Name=C:\ELFR3\PALETTE\Test2.pal
Xr=0
Xim=0
Yr=0
Yim=0

