[Fractal Parameter File]
KSTART=290
KEND=340
KSTEP=10
RADIUS=5.563301468E-8
REAL CENTER=-1.75771315942081
IMAGINARY CENTER=0.0172421125009078
STEPX=2.2253205872E-10
STEPY=2.2253205872E-10
FRACTAL NAME=ORBITS
XMax=-1.7577131037878
XMin=-1.75771321505382
YMax=0.0172420568678931
YMin=0.0172421681339225
Index=7
Iterations=340
Drawing Type=0
Coloring Mode=0
BioMorph Color=16711680
BioMorph Color 2=65535
Xr=0
Xim=0
Yr=0
Yim=0
Palette Name=C:\ELFR3\PALETTE\Default.pal

