[Fractal Parameter File]
KSTART=310
KEND=360
KSTEP=10
RADIUS=7.57444801E-9
REAL CENTER=-1.75771319981784
IMAGINARY CENTER=0.0172421083563279
STEPX=3.029779204E-11
STEPY=3.029779204E-11
FRACTAL NAME=ORBITS
XMax=-1.75771319224339
XMin=-1.75771320739229
YMax=0.0172421007818799
YMin=0.0172421159307759
Index=7
Iterations=360
Drawing Type=0
Coloring Mode=0
BioMorph Color=16711680
BioMorph Color 2=65535
Xr=0
Xim=0
Yr=0
Yim=0
Palette Name=C:\ELFR3\PALETTE\8rain.pal

