[Fractal Parameter File]
KSTART=390
KEND=440
KSTEP=10
RADIUS=7.4677656E-10
REAL CENTER=-1.75771319965189
IMAGINARY CENTER=0.0172421083563279
STEPX=2.98710624E-12
STEPY=2.98710624E-12
FRACTAL NAME=ORBITS
XMax=-1.75771319890511
XMin=-1.75771320039867
YMax=0.0172421076095513
YMin=0.0172421091031045
Index=7
Iterations=440
Drawing Type=0
Coloring Mode=0
BioMorph Color=16711680
BioMorph Color 2=65535
Xr=0
Xim=0
Yr=0
Yim=0
Palette Name=C:\ELFR3\PALETTE\Default.pal

