[Fractal Parameter File]
KSTART=500
KEND=550
KSTEP=10
RADIUS=1.8581764E-10
REAL CENTER=-1.75771319965189
IMAGINARY CENTER=0.0172421083563279
STEPX=7.4327056E-13
STEPY=7.4327056E-13
FRACTAL NAME=ORBITS
XMax=-1.75771319946607
XMin=-1.75771319983771
YMax=0.0172421081705103
YMin=0.0172421085421455
Index=7
Iterations=550
Drawing Type=0
Coloring Mode=0
BioMorph Color=16711680
BioMorph Color 2=65535
Xr=0
Xim=0
Yr=0
Yim=0
Palette Name=C:\ELFR3\PALETTE\Default.pal

