[Fractal Parameter File]
KSTART=5
KEND=75
KSTEP=5
RADIUS=0.873239436619719
REAL CENTER=-0.112676056338028
IMAGINARY CENTER=0.56160458452722
STEPX=0.00349295774647888
STEPY=0.00349295774647888
FRACTAL NAME=ORBITS
XMax=0.760563380281691
XMin=-0.985915492957747
YMax=-0.311634852092499
YMin=1.43484402114694
Index=7
Iterations=150
Drawing Type=0
Coloring Mode=0
BioMorph Color=16711680
BioMorph Color 2=65535
Palette Name=C:\ELFR3\PALETTE\Orbits.pal
Xr=0
Xim=0
Yr=0
Yim=0

