[Fractal Parameter File]
KSTART=120
KEND=170
KSTEP=5
RADIUS=1.93285555569E-6
REAL CENTER=-1.39141148278484
IMAGINARY CENTER=0.0154089937723802
STEPX=7.73142222276E-9
STEPY=7.73142222276E-9
FRACTAL NAME=ORBITS
XMax=-1.39140954992928
XMin=-1.3914134156404
YMax=0.0154070609168245
YMin=0.0154109266279359
Index=7
Iterations=170
Drawing Type=0
Coloring Mode=0
BioMorph Color=16711680
BioMorph Color 2=65535
Xr=0
Xim=0
Yr=0
Yim=0
Palette Name=C:\ELFR3\PALETTE\Default.pal
