[IFS Parameter File]
NAME=C:\ELFR3\Radio.ifs
TRANSFORMS=4
a[0]=0.0000000
b[0]=0.0000000
cc[0]=0.0000000
d[0]=0.1543700
e[0]=0.0000000
f[0]=0.0000000
p[0]=0.0791400
a[1]=0.9316000
b[1]=-0.0644600
cc[1]=0.8825800
d[1]=0.9507300
e[1]=0.0000000
f[1]=0.0350700
p[1]=0.3097800
a[2]=-0.3807000
b[2]=0.7512700
cc[2]=0.2852700
d[2]=0.1455200
e[2]=0.0000000
f[2]=0.7699800
p[2]=0.6833500
a[3]=0.1079700
b[3]=0.8267100
cc[3]=0.0373300
d[3]=0.8144900
e[3]=0.0000000
f[3]=0.1202000
p[3]=0.5393400
