[IFS Parameter File]
NAME=C:\ELFR3\Spiral.ifs
TRANSFORMS=4
a[0]=0.3000000
b[0]=0.2000000
cc[0]=0.0000000
d[0]=0.3595700
e[0]=0.0000000
f[0]=0.0000000
p[0]=0.1163100
a[1]=0.9234800
b[1]=-0.8245600
cc[1]=0.2035400
d[1]=0.7392700
e[1]=3.7700000
f[1]=0.3677700
p[1]=0.9171100
a[2]=0.7433500
b[2]=0.2569600
cc[2]=0.8279100
d[2]=0.9149200
e[2]=0.0000000
f[2]=0.5827800
p[2]=0.3981300
a[3]=0.9548100
b[3]=0.2798100
cc[3]=-0.7636500
d[3]=0.3658500
e[3]=0.0000000
f[3]=0.2808700
p[3]=0.1510400
