[IFS Parameter File]
NAME=C:\Elfr4\FRACPARM\Spiral2.ifs
TRANSFORMS=5
a[0]=0.7878790
b[0]=-0.4242420
cc[0]=0.2424240
d[0]=0.8598480
e[0]=1.7586470
f[0]=1.4080650
p[0]=0.8956520
a[1]=-0.1212120
b[1]=0.2575760
cc[1]=0.1515150
d[1]=0.0530300
e[1]=-6.7216540
f[1]=1.3772360
p[1]=0.0521740
a[2]=0.1818180
b[2]=-1.1363640
cc[2]=0.0909090
d[2]=0.1818180
e[2]=6.0861070
f[2]=1.5680350
p[2]=0.0521740
a[3]=0.0000000
b[3]=0.0000000
cc[3]=0.0000000
d[3]=0.0000000
e[3]=0.0000000
f[3]=0.0000000
p[3]=0.0000000
a[4]=0.0000000
b[4]=0.0000000
cc[4]=0.0000000
d[4]=0.0000000
e[4]=0.0000000
f[4]=0.0000000
p[4]=0.0000000
